97 1224
5.943 4.833 4.742
6.284 3.144 3.599
7.454 2.696 3.578
5.818 4.07 3.86
4.514 4.08 4.998
5.643 5.77 2.704
5.508 5.146 4.104
6.263 2.975 4.951
7.494 3.731 3.314
5.523 3.134 3.695
6.724 3.025 4.813
6.468 2.646 3.804
5.839 5.301 4.148
5.662 2.625 3.454
6.719 2.988 3.146
6.793 4.238 5.198
6.809 3.017 3.462
5.625 4.955 5.124
5.894 4.864 5.099
7.562 3.557 4.165
7.477 4.411 4.31
6.457 5.436 1.955
7.378 2.837 3.107
7.431 4.534 2.871
5.855 3.656 4.666
6.427 3.657 4.059
5.93 6.229 2.898
5.63 5.498 4.125
7.031 3.587 4.605
6.754 4.216 4.124
6.478 2.386 3.846
6.908 2.135 5.082
4.905 2.843 4.216
6.084 4.97 4.949
7.299 2.396 4.563
4.525 3.431 4.355
6.156 5.217 5.143
5.628 2.366 4.621
6.128 2.033 5.11
6.569 2.612 4.894
5.566 3.571 3.981
6.24 6.135 3.54
6.271 3.047 3.845
5.515 4.187 2.975
5.639 2.881 3.605
6.647 4.679 4.992
5.602 3.295 3.889
7.421 5.304 4.702
5.365 4.861 5.1
6.053 3.128 5.052
7.284 3.499 3.232
4.423 3.848 4.462
6.484 6.184 3.594
5.261 2.29 5.321
5.896 5.136 5.257
6.657 3.259 3.679
4.579 5.646 5.937
5.05 1.667 4.894
6.665 6.362 2.951
5.161 1.729 3.764
7.755 4.967 5.921
7.566 4.673 2.68
7.244 5.004 5.392
6.534 2.894 4.964
7.621 4.297 2.74
7.515 4.692 2.405
6.567 1.688 4.605
7.189 4.6 5.536
6.195 1.951 3.556
7.252 5.285 4.912
5.821 1.814 3.609
6.04 5.145 1.665
6.228 1.542 4.979
7.028 4.728 1.56
7.609 4.868 5.635
7.835 3.504 3.871
5.941 2.028 3.496
7.368 4.096 2.151
7.196 5.471 4.455
5.616 4.3 1.782
7.129 3.791 2.4
7.054 4.804 5.431
5.358 4.093 1.92
6.127 2.466 2.306
6.227 3.344 5.223
6.742 2.288 3.364
7.421 4.634 5.705
4.585 4.06 5.659
4.927 1.921 4.829
7.122 3.976 1.945
7.208 3.797 2.12
6.382 2.422 3.539
7.249 3.549 2.051
6.447 2.132 3.545
5.518 4.287 2.047
7.266 5.09 5.103
6.133 2.22 2.417
70 13 0
59 13 0
18 87 0
87 48 0
48 84 0
37 13 0
32 44 0
32 13 0
30 37 0
32 49 0
49 24 0
1 46 0
46 3 0
34 93 0
84 28 0
84 24 0
9 13 0.443169
17 54 2.7809
17 33 0.991468
54 33 1.98336
33 12 0
58 60 0
30 76 0
37 76 0
32 82 0
32 59 0
10 31 0
88 35 0
87 35 0
87 51 0
88 51 0
22 83 0
37 68 0
92 75 0
92 22 0
75 22 0
25 40 0
14 92 0
14 83 0
14 80 0
92 83 0
92 80 1.42373
83 80 0
0 45 0
18 45 0
15 45 0.88284
11 7 0
11 39 0
7 37 0
37 39 0
48 56 0
7 42 0
7 46 0
42 46 0
42 24 0
0 48 0
0 17 0.861155
0 6 0
60 47 0
60 61 0
60 75 0
47 61 0
47 75 0
61 75 0
46 40 3.9189
46 25 0
18 48 0.766439
18 17 3.9919
29 43 0
43 23 0
23 3 0
42 25 0
75 20 0
47 20 0
61 20 0
1 43 0
55 43 0
23 41 0
23 5 0
41 21 0
41 5 0
21 5 0
43 83 0
43 13 0
83 82 0
13 82 0
20 78 0
78 23 0
78 29 0
13 1 0
42 1 3.82694
1 44 0
8 80 0
23 80 0
23 50 0
80 50 0
61 64 2.18007
14 43 0
80 43 0
1 83 0
1 14 0.00104552
68 66 0
68 85 0
68 93 3.6387
66 93 0
85 93 2.26526
9 1 0
9 44 3.92639
44 43 0
59 72 0
17 12 0
80 90 3.94328
80 89 0.993109
80 77 1.23602
90 89 3.82532
90 77 3.01597
26 71 0
26 21 0
26 5 0.488947
71 5 0
49 87 0
87 4 0
79 83 0
73 83 0
55 19 0
55 28 0
34 19 0
34 28 0
7 49 4.00615
7 38 0
49 37 0
49 38 0
80 22 0
50 3 0
52 12 0
52 23 0
52 29 0
12 23 0
1 40 0
26 56 0
56 5 0
19 50 0
41 58 0
58 5 0
30 44 0
30 13 0
12 41 0
65 64 0.768211
6 51 0
6 43 0
6 3 0
51 43 0
51 3 0
43 3 0
70 96 0
70 59 0
70 76 3.93818
96 59 0
96 76 0
59 76 0
37 88 0
37 59 0
37 57 0
88 59 0
88 57 3.95725
59 57 0
2 11 0
2 85 0
2 30 0
11 85 0.0478643
11 30 3.7933
85 30 0.622162
58 65 0
58 61 0
58 21 0
65 61 4.00687
65 21 0
61 21 0
6 4 0
6 56 0
4 56 0
4 51 0.339918
56 51 0
55 29 0
55 8 0
55 50 0
29 8 0
29 50 0
8 50 3.37517
77 92 0.544285
77 73 0
92 73 0
14 16 3.24134
14 22 0
14 50 0
16 22 0
16 50 0
22 50 0
71 82 0
71 79 0
71 94 0
82 79 2.65375
82 94 4.00504
79 94 4.00196
89 71 0
89 73 0
89 79 0
71 73 0
73 79 0
37 32 0
37 53 0
32 88 0
32 53 0
88 53 0
43 94 0
43 82 0
43 5 0
94 5 0
82 5 0
86 60 0.821298
86 53 0
86 31 0
60 53 0
60 31 0
53 31 0
55 11 0
55 34 0
55 10 0
11 34 0
11 10 0
34 10 0
11 37 0
11 42 1.34875
11 44 0
37 42 0
37 44 0
42 44 0
11 13 0
44 13 3.85203
42 13 0
86 62 0.837103
86 74 3.68101
62 60 0
62 74 1.24955
60 74 3.11064
54 27 0
54 36 3.89259
54 12 0
27 36 0
27 12 3.97043
36 12 0
56 60 0
56 52 0
60 52 0
6 48 0
6 17 0
6 27 2.37878
48 17 4.00328
48 27 0
17 27 0
91 96 0
91 13 0
91 83 0
96 13 0
96 83 3.93557
13 83 0
23 21 0
23 61 3.96431
23 65 0.939448
22 2 0.950516
16 2 0
2 50 0
2 34 0
2 66 0
34 85 0
34 66 0
85 66 0
49 53 0
49 4 0
49 35 0
53 4 0
53 35 0
4 35 0
82 59 0
82 35 0
59 35 0
54 84 0
54 18 3.55837
54 15 0
84 18 0
84 15 0
18 15 0
24 0 0
24 18 0
24 15 0
0 18 2.59065
0 15 0
64 23 3.22107
64 8 0
64 20 0
23 8 0
23 20 0
8 20 0
89 92 1.26027
79 92 0
77 89 2.97354
21 71 0.393581
21 89 0
21 94 0
89 94 0
6 5 0
51 5 0
70 37 0
70 57 0
70 72 0
37 72 0
57 72 0
66 37 0
66 72 0.784883
66 38 0
37 38 0
72 38 0.825929
21 73 0
48 4 0
48 51 0
48 3 0
4 3 0
1 25 0
1 55 1.96474
1 3 0
25 55 0.290906
25 3 0
55 3 0
39 10 1.35025
39 7 1.08909
39 63 3.92471
10 7 1.04643
10 63 3.99584
7 63 4.00089
25 7 0
25 10 0
25 24 0
7 24 0
10 24 0
40 9 0.792466
40 35 0
40 43 0
9 35 0
9 43 0
35 43 0
65 89 0
65 73 0
12 6 2.46945
12 43 0
12 3 0
12 5 0
27 5 0
86 87 0
86 84 0
87 84 0
87 53 0
84 53 0
10 28 0
28 25 0
28 24 0
67 95 0
67 74 0.884085
67 20 0
95 74 0
95 20 0
74 20 0
62 69 0.634527
62 95 3.78533
69 74 0
69 95 3.97731
24 29 0
24 3 0
29 25 0
29 3 0
0 29 0
0 3 0
0 12 0
12 29 0
37 46 0
37 24 0
46 32 0
46 24 0
32 24 0
15 20 0
15 28 0
15 29 0
20 28 0
20 29 0
28 29 0
28 19 0
20 19 0
19 29 0
19 8 0
23 29 0
24 51 0
24 4 0
24 40 0
40 51 0
40 3 0.51617
19 25 0
60 34 0
34 86 0
86 19 0
60 19 0
19 74 0
20 86 0
86 67 3.96254
40 32 0
27 26 0
80 64 0
23 77 0
64 77 0
50 43 0
64 75 0
15 87 0
15 67 0.0305193
87 67 0
84 67 0
45 20 0
67 28 0
7 84 1.24293
86 15 0
86 28 0
30 39 0
63 31 0
32 35 0
83 59 0
69 47 3.93977
69 20 0
21 80 0
0 78 0
78 33 0
78 45 0
67 62 1.52122
65 77 0
60 54 0
54 86 0
86 56 0
69 56 0
69 52 0
64 92 0
64 22 0
24 45 0
45 29 0
12 45 0
39 42 0
58 56 0
58 52 0
9 3 0
23 89 0
87 57 0
87 88 0
70 66 0
21 43 0
27 52 0
52 36 0
68 30 0.308518
66 30 0
93 30 2.0156
0 33 3.98953
18 33 3.81361
45 33 0.0265471
18 36 1.41868
36 45 0
36 33 3.40168
46 9 3.8116
44 46 0.912273
32 9 0
84 38 0
84 31 0
53 38 0
38 31 0
66 31 0
31 72 0
57 38 0
57 53 0
47 58 0
55 16 2.64561
19 16 0
54 81 0
54 45 0
36 81 0
81 45 0.162538
60 72 0
69 60 0
58 23 0
61 52 0
82 51 0
35 51 1.41213
48 24 0
36 78 0
52 78 0
78 12 0
24 35 0
95 47 1.07328
47 74 0
46 49 0
56 27 0
56 41 0
56 36 0
27 41 0
41 36 0
52 41 3.41374
65 80 0
72 53 0
26 41 0
26 52 0
34 30 0
14 55 0.248522
55 80 0
10 42 0
42 55 1.14951
66 39 0
39 38 0
39 31 0.139447
91 1 0
91 42 0
94 80 0
80 79 0
34 39 0
34 31 0
26 58 0
10 84 0
10 86 0
84 63 0.2308
63 86 0
85 16 0
85 22 0
81 62 4.0059
81 60 0
81 86 1.01205
55 2 0
2 19 0
16 11 0.182468
1 11 0.540517
1 16 0.62846
54 56 0
45 47 0
17 56 0
60 20 0
75 74 0
60 87 0
58 71 0
58 73 0
2 75 0
19 75 1.8739
34 75 0
50 75 0
75 8 0
22 8 0
78 61 0
30 70 0
54 48 0.114346
54 87 0
87 56 0
22 96 0
96 2 0
68 70 1.91516
18 81 0
15 81 0
83 94 0
36 60 0
78 58 0
47 78 2.37176
47 52 0
78 60 0
69 78 0.956648
36 69 0
13 14 0
54 67 0
67 81 3.86332
36 62 0
45 95 0
95 15 0
63 38 0
9 82 0
49 84 3.32586
82 80 0
68 91 0.889649
44 83 0
10 15 0
87 24 0
17 87 0
91 16 0
11 91 2.67174
30 91 3.37152
90 92 3.69613
8 92 0
92 50 0
81 95 1.04445
36 95 0
45 69 0
92 96 0
96 82 0
14 85 0
14 91 0
14 96 0
85 91 1.64306
85 96 0
93 91 3.86443
93 96 0
93 76 0.820481
76 91 0.322902
76 13 0
96 68 0
68 76 3.96469
96 66 0
0 0 